600033
649113
573021
778059
434740
141489
838539
740363
768706
147255
144273
603240
782353
290122
308845
424781
627681
775028
562920
928258
692544
763187
447370
779156
951312
926306
518507
223033
490690
519184
454842
555648
951863
482444
757881
259414
929402
447518
863904
556984
502090
187287
781516
588940
271815
596288
590499
635375
630275
890697
857724
313421
289556
762227
871830
297463
833002
898864
940505
593010
225828
396494
139540
921674
969704
566698
243360
326819
999306
138702
132301
207055
351731
135413
719406
839098
392691
130444
780155
506547
316950
499135
484651
619752
460522
574944
833776
896408
663289
648459
447171
836942
130196
602134
901612
776382
193231
852304
850111
200817
512798
435611
699901
590567
804278
149465
914875
981702
778617
555500
861868
329970
209242
861254
902238
860761
817773
187508
800751
564946
881406
883659
369456
487494
549871
352570
647864
480659
454479
614038
878933
261189
585462
739003
817281
279579
318309
349424
436793
322562
878003
168804
764551
724834
860006
103193
932067
743915
810105
697352
750610
148117
125390
776520
347208
238437
767733
583763
889488
377183
672447
325883
813757
464433
132137
350099
366861
684656
791458
909472
535250
467113
112780
974375
809591
516942
499017
465807
126849
437584
169476
212061
206687
679107
727791
478364
923940
571573
123819
185158
475078
341676
520890
211837
651732
313363
810413
419685
109143
746320
687217
170808
740123
619999
510622
755132
211578
360772
488788
351449
402914
658598
629392
564671
831795
565726
288331
467678
752811
288617
883381
181017
326390
173537
659510
426330
885416
164502
236559
314659
642130
849573
193231
266099
415732
613693
828722
353839
922254
755613
175428
241235
983426
361438
956175
702026
464486
158202
685363
869330
521714
685961
668205
576523
935788
797705
844124
412408
105594
321407
506120
723766
855523
733539
104570
355401
573906
281414
789238
998456
858791
959274
530303
730380
329677
150622
556099
828649
866083
523559
319808
474808
102350
424880
308299
909410
348891
415226
876339
156843
155676
496858
402240
866995
908178
327216
919956
315981
966816
305693
